5
15
23
28
31
37
39
45
46
58
61
68
69
78
86
88
92
127
148
160
162
170
171
177
180
182
184
187
209
223
224
232
233
237
247
249
250
281
284
308
325
331
334
353
354
356
360
365
366
372
434
456
467
468
471
476
477
512
524
528
529
545
548
552
572
574
607
634
662
678
688
704
727
729
739
756
757
759
765
770
772
776
778
785
789
791
807
841
850
855
861
863
867
883
887
892
903
914
941
948
965
966
997
1021
1022
1044
1049
1053
1069
1077
1078
1081
1084
1094
1097
1099
1111
1118
1134
1139
1140
1141
1149
1157
1159
1167
1168
1169
1176
1190
1204
1210
1211
1213
1215
1224
1233
1264
1273
1274
1277
1305
1311
1315
1322
1366
1369
1390
1398
1429
1435
1454
1470
1471
1473
1489
1493
1497
1503
1505
1521
1522
1530
1558
1564
1567
1569
1577
1580
1587
1594
1597
1599
1604
1609
1611
1620
1626
1629
1644
1651
1655
1669
1690
1691
1692
1693
1704
1720
1727
1732
1746
1748
1749
1753
1767
1768
1775
1786
1798
1803
1848
1853
1861
1865
1867
1878
1879
1898
1913
1922
1923
1926
1935
1942
1943
1960
1970
1995
2003
2013
2016
2017
2019
2028
2032
2034
2053
2059
2065
2073
2076
2078
2079
2090
2092
2097
2101
2113
2141
2144
2155
2157
2173
2176
2200
2202
2214
2215
2256
2284
2302
2307
2320
2327
2328
2334
2340
2353
2365
2376
2387
2389
2390
2392
2395
2413
2415
2423
2438
2440
2445
2447
2461
2468
2471
2478
2487
2499
2508
2512
2522
2534
2537
2551
2562
2566
2571
2597
2602
2603
2614
2619
2625
2627
2630
2639
2640
2642
2649
2657
2660
2666
2686
2691
2694
2699
2714
2715
2741
2750
2752
2765
2766
2774
2783
2800
2803
2840
2844
2855
2858
2860
2867
2882
2890
2897
2913
2921
2925
2984
3004
3005
3014
3016
3018
3027
3033
3041
3042
3044
3053
3056
3066
3070
3080
3081
3082
3106
3109
3111
3115
3125
3127
3148
3152
3160
3172
3173
3178
3179
3181
3188
3203
3205
3215
3221
3231
3247
3255
3262
3284
3291
3296
3324
3332
3360
3369
3382
3386
3393
3395
3438
3440
3478
3481
3482
3494
3514
3516
3561
3566
3573
3582
3596
3603
3612
3629
3631
3637
3638
3666
3670
3673
3677
3681
3687
3708
3727
3728
3730
3737
3740
3748
3752
3753
3754
3755
3757
3767
3770
3775
3780
3784
3810
3822
3826
3830
3832
3833
3836
3839
3847
3868
3874
3890
3892
3896
3908
3909
3915
3924
3927
3930
3944
3955
3956
3967
3972
3987
3997
3999
4006
4007
4022
4036
4041
4062
4070
4090
4091
4094
4100
4103
4113
4114
4115
4117
4151
4155
4159
4167
4181
4190
4206
4223
4242
4243
4259
4266
4270
4286
4288
4293
4308
4316
4325
4334
4347
4351
4370
4391
4409
4411
4414
4431
4446
4463
4469
4490
4497
4506
4517
4518
4523
4525
4532
4564
4585
4609
4624
4626
4644
4650
4654
4662
4671
4678
4688
4693
4699
4707
4708
4710
4720
4734
4751
4753
4769
4779
4783
4793
4823
4847
4864
4868
4871
4875
4881
4886
4893
4902
4919
4947
4965
4983
4993
4996
4997
5001
5010
5013
5023
5025
5037
5040
5042
5056
5061
5075
5102
5109
5116
5120
5128
5161
5167
5169
5190
5201
5208
5219
5227
5237
5251
5252
5255
5261
5285
5299
5300
5307
5313
5317
5337
5343
5379
5409
5410
5423
5433
5441
5461
5466
5476
5477
5486
5487
5493
5507
5510
5512
5517
5519
5525
5532
5547
5559
5561
5565
5569
5570
5578
5590
5592
5596
5598
5599
5613
5619
5623
5646
5675
5685
5690
5691
5695
5696
5702
5718
5721
5751
5757
5771
5775
5799
5800
5803
5806
5812
5825
5838
5841
5843
5851
5852
5856
5884
5904
5905
5906
5910
5911
5922
5946
5950
5970
5986
5991
6016
6038
6042
6047
6054
6060
6064
6065
6085
6094
6099
6105
6106
6118
6131
6139
6148
6160
6164
6168
6169
6173
6179
6183
6186
6217
6219
6224
6228
6232
6235
6239
6244
6248
6266
6267
6271
6288
6318
6322
6327
6331
6338
6346
6355
6362
6375
6378
6388
6418
6429
6431
6450
6458
6478
6483
6494
6495
6512
6525
6531
6538
6542
6543
6546
6562
6572
6574
6587
6589
6592
6596
6608
6609
6613
6623
6626
6628
6637
6643
6647
6674
6676
6703
6706
6707
6729
6760
6765
6768
6770
6774
6788
6790
6802
6806
6818
6819
6820
6828
6835
6839
6856
6896
6905
6907
6943
6945
6947
6952
6969
6975
6984
6995
7005
7006
7018
7041
7047
7051
7053
7069
7070
7076
7080
7084
7106
7114
7129
7130
7135
7137
7140
7147
7154
7166
7170
7185
7218
7239
7244
7284
7288
7297
7299
7310
7335
7339
7346
7351
7360
7363
7370
7384
7395
7397
7412
7416
7421
7426
7431
7439
7445
7449
7461
7469
7474
7476
7490
7501
7523
7550
7554
7570
7581
7582
7610
7613
7626
7636
7637
7665
7675
7678
7687
7689
7706
7726
7733
7734
7739
7746
7751
7776
7781
7785
7795
7804
7811
7816
7818
7869
7877
7883
7884
7889
7895
7922
7929
7938
7961
7962
7968
7976
7987
7992
8014
8029
8034
8037
8038
8040
8046
8047
8092
8104
8106
8123
8138
8140
8154
8157
8169
8171
8172
8190
8201
8203
8219
8229
8257
8264
8268
8293
8295
8307
8308
8337
8341
8346
8353
8373
8383
8400
8402
8419
8441
8443
8464
8467
8470
8480
8485
8495
8501
8544
8553
8565
8566
8601
8607
8608
8639
8672
8690
8701
8716
8717
8724
8738
8741
8753
8754
8759
8761
8769
8778
8786
8787
8789
8795
8803
8808
8843
8867
8869
8871
8872
8876
8894
8912
8920
8937
8938
8942
8943
8972
8975
8982
8989
8999
9002
9010
9026
9040
9043
9048
9051
9052
9057
9068
9070
9076
9085
9087
9092
9097
9104
9108
9140
9161
9165
9173
9177
9179
9181
9182
9188
9218
9223
9233
9238
9244
9259
9264
9273
9298
9330
9332
9340
9343
9381
9384
9385
9402
9407
9417
9428
9444
9446
9453
9463
9476
9482
9487
9494
9497
9522
9530
9559
9564
9565
9570
9578
9603
9610
9638
9675
9705
9706
9711
9712
9720
9727
9734
9740
9752
9798
9821
9826
9846
9866
9881
9891
9907
9923
9942
9943
9951
9959
9969
9982
9983
9991
9992
10029
10032
10049
10052
10053
10061
10064
10074
10075
10102
10110
10116
10117
10118
10131
10144
10159
10161
10166
10168
10187
10189
10231
10252
10258
10261
10262
10273
10274
10286
10287
10290
10291
10305
10309
10324
10354
10356
10362
10371
10373
10378
10411
10412
10423
10426
10427
10428
10468
10472
10478
10481
10495
10514
10528
10548
10565
10579
10581
10590
10601
10611
10635
10640
10645
10690
10706
10712
10725
10749
10750
10752
10782
10785
10786
10812
10820
10832
10835
10843
10861
10874
10877
10902
10912
10921
10924
10932
10934
10939
10945
10946
10948
10950
10972
10974
10975
10985
10987
11010
11019
11024
11027
11046
11049
11073
11083
11088
11091
11110
11111
11112
11117
11121
11123
11152
11155
11181
11209
11221
11222
11242
11245
11251
11259
11263
11273
11281
11314
11320
11338
11358
11359
11389
11395
11399
11411
11413
11417
11419
11430
11433
11441
11447
11453
11455
11466
11470
11479
11490
11503
11505
11518
11532
11558
11562
11600
11623
11628
11639
11640
11649
11650
11658
11662
11663
11690
11718
11731
11740
11741
11750
11790
11799
11820
11821
11831
11833
11834
11836
11837
11857
11860
11877
11879
11882
11895
11904
11918
11922
11927
11937
11959
11969
11975
11976
11987
11989
12005
12013
12024
12026
12027
12046
12052
12054
12061
12069
12085
12086
12097
12104
12106
12132
12134
12138
12143
12144
12151
12180
12197
12206
12208
12225
12239
12243
12257
12272
12293
12316
12327
12388
12392
12397
12400
12426
12428
12429
12430
12434
12454
12460
12477
12485
12494
12524
12535
12536
12545
12613
12614
12620
12624
12630
12633
12635
12636
12641
12652
12655
12662
12664
12674
12678
12679
12713
12717
12748
12751
12755
12770
12777
12779
12781
12782
12783
12787
12790
12798
12807
12818
12834
12835
12851
12853
12860
12873
12880
12889
12907
12911
12926
12938
12947
12951
12955
12960
12962
12971
12974
12975
12984
12987
13008
13017
13019
13025
13028
13029
13038
13050
13058
13064
13081
13090
13098
13102
13110
13111
13116
13130
13141
13142
13155
13161
13164
13168
13178
13183
13193
13195
13203
13209
13213
13251
13264
13266
13267
13274
13282
13315
13320
13328
13343
13355
13359
13378
13380
13382
13386
13397
13409
13416
13424
13425
13431
13440
13441
13450
13452
13469
13478
13491
13502
13504
13506
13507
13510
13511
13534
13539
13547
13559
13562
13586
13593
13616
13618
13642
13663
13677
13696
13717
13720
13731
13740
13751
13757
13773
13774
13786
13803
13808
13827
13853
13871
13879
13890
13891
13898
13901
13922
13923
13928
13932
13935
13944
13976
13985
14004
14021
14024
14030
14037
14068
14094
14096
14104
14110
14111
14118
14179
14198
14212
14220
14222
14259
14270
14275
14292
14298
14311
14315
14332
14342
14358
14390
14397
14401
14408
14410
14424
14427
14456
14463
14464
14470
14471
14484
14495
14520
14534
14541
14543
14553
14555
14567
14574
14591
14601
14624
14644
14653
14657
14677
14689
14725
14726
14739
14748
14756
14761
14763
14768
14772
14780
14783
14786
14787
14805
14809
14829
14831
14832
14840
14846
14850
14857
14867
14876
14894
14901
14911
14912
14925
14930
14961
14965
14970
14972
14974
14975
14978
14995
15025
15071
15081
15100
15107
15111
15113
15130
15161
15175
15178
15187
15203
15205
15216
15228
15234
15237
15239
15245
15263
15267
15272
15285
15289
15313
15318
15324
15333
15336
15338
15351
15360
15364
15366
15368
15390
15401
15408
15429
15439
15460
15461
15466
15468
15498
15508
15522
15549
15556
15567
15568
15571
15574
15576
15584
15592
15596
15600
15603
15607
15614
15619
15621
15639
15662
15665
15673
15675
15690
15692
15695
15708
15710
15711
15712
15713
15717
15732
15737
15739
15748
15760
15764
15767
15776
15783
15795
15803
15813
15818
15828
15845
15849
15850
15855
15859
15870
15882
15887
15941
15946
15962
15964
15978
15979
15981
15989
15991
15999
16010
16035
16045
16050
16054
16066
16069
16070
16073
16108
16120
16124
16139
16143
16158
16164
16168
16184
16189
16190
16195
16199
16204
16221
16252
16256
16257
16260
16275
16276
16281
16288
16322
16327
16353
16354
16365
16371
16383
16392
16395
16397
16420
16454
16473
16474
16476
16483
16488
16494
16506
16508
16511
16512
16525
16527
16542
16556
16562
16567
16591
16594
16603
16612
16620
16623
16651
16657
16674
16681
16683
16690
16697
16726
16730
16762
16771
16787
16789
16794
16810
16814
16838
16853
16855
16868
16873
16875
16893
16907
16923
16930
16940
16949
16961
16970
16981
16984
16987
16993
17002
17005
17006
17034
17042
17050
17074
17079
17084
17093
17102
17117
17132
17150
17157
17174
17177
17207
17210
17216
17222
17235
17241
17247
17264
17269
17279
17304
17310
17316
17320
17326
17344
17345
17354
17358
17365
17379
17382
17387
17413
17440
17448
17450
17451
17456
17458
17464
17494
17497
17504
17529
17566
17585
17588
17598
17608
17620
17626
17629
17641
17669
17680
17689
17711
17712
17720
17724
17738
17740
17751
17752
17784
17785
17801
17814
17823
17828
17851
17859
17861
17865
17870
17876
17881
17888
17895
17897
17904
17905
17916
17927
17931
17936
17941
17946
17955
17969
17973
17985
17995
18006
18012
18014
18031
18032
18045
18053
18064
18072
18087
18108
18123
18126
18135
18155
18156
18182
18185
18193
18195
18205
18215
18248
18265
18269
18283
18297
18299
18313
18322
18331
18332
18353
18355
18363
18368
18387
18389
18391
18394
18403
18427
18444
18469
18471
18479
18502
18532
18535
18539
18566
18571
18572
18595
18596
18598
18599
18611
18624
18630
18633
18634
18639
18647
18662
18669
18690
18700
18703
18737
18775
18779
18783
18786
18787
18788
18791
18829
18836
18868
18896
18901
18902
18903
18906
18917
18924
18926
18937
19010
19014
19029
19030
19031
19037
19055
19059
19060
19076
19084
19097
19137
19150
19152
19168
19177
19186
19235
19252
19264
19271
19276
19280
19285
19295
19302
19305
19307
19323
19328
19330
19335
19339
19340
19359
19371
19376
19387
19402
19405
19409
19416
19423
19424
19434
19447
19471
19472
19484
19521
19523
19542
19556
19561
19569
19571
19590
19596
19609
19620
19640
19651
19663
19667
19671
19677
19685
19686
19709
19716
19725
19726
19728
19743
19748
19749
19757
19758
19765
19766
19767
19770
19780
19785
19828
19865
19881
19882
19897
19902
19909
19910
19941
19966
19967
19974
19985
19998
20025
20031
20032
20042
20044
20049
20052
20057
20066
20068
20074
20077
20093
20110
20118
20121
20126
20137
20151
20157
20165
20171
20175
20194
20206
20228
20229
20242
20271
20288
20289
20306
20315
20333
20339
20340
20347
20351
20380
20381
20388
20391
20393
20399
20407
20426
20431
20438
20440
20453
20490
20495
20502
20505
20524
20525
20527
20541
20544
20550
20556
20557
20560
20572
20577
20584
20587
20598
20607
20617
20646
20651
20669
20670
20685
20708
20719
20725
20726
20729
20757
20788
20789
20792
20804
20812
20813
20814
20833
20842
20851
20860
20867
20873
20875
20882
20885
20912
20913
20945
20964
20988
20997
21016
21024
21029
21048
21055
21077
21086
21089
21107
21113
21123
21138
21143
21187
21192
21196
21200
21209
21257
21264
21267
21286
21303
21307
21316
21340
21344
21395
21419
21442
21445
21446
21461
21471
21478
21481
21514
21523
21531
21537
21555
21557
21562
21576
21581
21584
21591
21599
21601
21609
21610
21623
21642
21649
21655
21656
21660
21664
21671
21676
21684
21722
21738
21745
21754
21755
21791
21797
21806
21809
21812
21819
21820
21846
21849
21856
21857
21874
21895
21897
21917
21918
21921
21923
21932
21942
21945
21966
21970
21973
21977
21984
21986
22002
22006
22012
22017
22020
22027
22029
22037
22041
22049
22051
22059
22060
22072
22118
22121
22128
22135
22139
22143
22166
22173
22177
22196
22205
22206
22223
22226
22234
22255
22269
22291
22292
22295
22304
22307
22331
22334
22350
22351
22354
22356
22364
22371
22374
22376
22379
22389
22391
22395
22429
22430
22437
22455
22473
22492
22521
22537
22567
22574
22585
22587
22605
22607
22624
22627
22628
22642
22649
22652
22657
22664
22665
22676
22690
22707
22719
22728
22731
22735
22741
22745
22750
22752
22755
22772
22776
22787
22792
22802
22809
22831
22832
22840
22841
22842
22849
22857
22860
22885
22887
22892
22899
22910
22915
22931
22933
22942
22945
22950
22958
22959
22965
22975
22996
22998
23027
23030
23036
23043
23047
23049
23052
23053
23078
23098
23107
23112
23118
23121
23134
23137
23164
23195
23199
23202
23207
23222
23245
23256
23279
23294
23300
23301
23303
23306
23311
23320
23321
23342
23347
23352
23356
23371
23377
23395
23406
23410
23421
23426
23429
23438
23450
23513
23520
23525
23530
23549
23554
23561
23563
23568
23571
23575
23586
23616
23623
23643
23647
23662
23668
23673
23676
23687
23699
23733
23738
23744
23746
23750
23765
23777
23782
23795
23802
23818
23821
23836
23840
23849
23850
23856
23862
23874
23878
23881
23888
23892
23902
23914
23931
23952
23956
23964
23966
23967
23968
23979
24002
24028
24034
24061
24069
24071
24092
24102
24106
24108
24109
24128
24141
24151
24167
24169
24172
24185
24192
24206
24209
24218
24251
24256
24261
24274
24280
24283
24287
24290
24296
24304
24305
24319
24320
24323
24326
24333
24336
24354
24374
24376
24377
24378
24388
24398
24404
24417
24438
24439
24457
24462
24463
24472
24491
24512
24513
24514
24515
24518
24538
24555
24573
24576
24577
24578
24583
24591
24595
24603
24608
24632
24634
24640
24642
24643
24648
24653
24679
24687
24710
24717
24719
24736
24738
24740
24751
24778
24784
24789
24790
24791
24812
24818
24829
24832
24835
24857
24868
24887
24893
24898
24907
24919
24929
24942
24981
24985
24989
25001
25023
25037
25051
25070
25074
25091
25094
25110
25113
25126
25128
25150
25153
25182
25202
25214
25219
25227
25254
25257
25273
25288
25292
25306
25309
25316
25352
25365
25375
25384
25403
25419
25423
25440
25456
25460
25468
25477
25480
25492
25523
25527
25528
25547
25574
25584
25586
25614
25618
25631
25638
25640
25644
25645
25654
25656
25658
25662
25672
25678
25689
25691
25701
25705
25717
25744
25748
25749
25750
25755
25761
25764
25765
25784
25789
25807
25811
25850
25855
25857
25862
25864
25878
25920
25937
25938
25948
25956
25958
25977
25983
25995
26007
26014
26017
26029
26031
26052
26082
26111
26112
26114
26119
26123
26136
26153
26176
26200
26215
26224
26226
26229
26254
26255
26263
26288
26335
26342
26351
26362
26363
26389
26390
26392
26395
26400
26402
26416
26428
26438
26462
26480
26483
26487
26505
26511
26528
26531
26535
26543
26544
26556
26558
26559
26592
26597
26599
26603
26607
26609
26611
26636
26661
26672
26689
26690
26727
26737
26755
26779
26814
26817
26820
26831
26841
26845
26850
26857
26865
26866
26873
26882
26885
26928
26931
26937
26940
26941
26945
26967
26975
26977
26979
27007
27012
27018
27020
27021
27053
27059
27065
27070
27073
27077
27082
27097
27123
27130
27135
27139
27144
27159
27163
27182
27190
27195
27210
27242
27258
27259
27275
27278
27281
27286
27306
27307
27320
27325
27338
27341
27352
27357
27369
27370
27392
27403
27416
27430
27432
27436
27437
27439
27448
27451
27470
27475
27481
27493
27527
27538
27580
27583
27585
27607
27622
27633
27637
27654
27668
27669
27674
27684
27698
27704
27709
27716
27718
27721
27732
27736
27743
27744
27765
27777
27787
27805
27807
27813
27827
27829
27831
27838
27840
27849
27856
27857
27864
27891
27924
27936
27938
27939
27945
27952
27953
27956
27967
27977
27980
27981
27990
27997
27999
28013
28014
28026
28035
28053
28057
28058
28105
28206
28225
28228
28237
28247
28263
28264
28278
28286
28289
28305
28318
28369
28386
28393
28398
28405
28406
28417
28441
28445
28447
28465
28467
28480
28486
28498
28506
28509
28512
28539
28553
28556
28563
28572
28580
28585
28587
28593
28600
28664
28667
28678
28683
28684
28687
28692
28709
28713
28714
28750
28758
28760
28776
28784
28785
28801
28805
28807
28814
28827
28839
28843
28849
28865
28884
28885
28892
28903
28907
28912
28941
28971
28978
29009
29011
29034
29044
29052
29059
29061
29073
29088
29089
29110
29112
29123
29155
29164
29168
29173
29177
29194
29204
29206
29215
29216
29243
29252
29255
29263
29275
29279
29282
29283
29292
29319
29335
29338
29355
29361
29386
29395
29399
29401
29402
29403
29404
29405
29409
29411
29420
29443
29449
29457
29465
29472
29479
29487
29506
29525
29527
29562
29563
29565
29566
29586
29592
29593
29595
29598
29615
29635
29644
29654
29655
29658
29659
29668
29672
29705
29715
29718
29738
29771
29773
29777
29816
29817
29818
29828
29836
29839
29840
29847
29855
29859
29870
29879
29880
29881
29890
29893
29916
29924
29953
29966
29973
29979
29990
29997
29999
30005
30026
30035
30087
30098
30104
30111
30116
30133
30138
30140
30151
30163
30189
30209
30211
30236
30254
30257
30274
30283
30285
30291
30294
30299
30300
30307
30342
30348
30352
30365
30386
30387
30393
30400
30418
30419
30438
30448
30451
30457
30459
30463
30467
30469
30473
30476
30480
30483
30485
30498
30500
30512
30517
30534
30544
30545
30555
30567
30571
30594
30608
30611
30612
30613
30620
30622
30631
30640
30644
30654
30671
30672
30695
30709
30712
30738
30740
30758
30759
30774
30784
30790
30803
30814
30857
30859
30867
30875
30884
30888
30902
30905
30909
30926
30931
30932
30951
30966
30969
30987
30996
31012
31014
31016
31018
31021
31039
31043
31048
31050
31054
31061
31063
31083
31101
31119
31126
31139
31150
31172
31199
31202
31205
31223
31235
31247
31257
31262
31268
31291
31293
31305
31325
31339
31344
31359
31376
31392
31393
31400
31435
31439
31451
31458
31471
31480
31494
31498
31503
31516
31523
31524
31551
31552
31573
31589
31591
31606
31612
31613
31620
31631
31632
31633
31655
31656
31666
31677
31689
31690
31693
31709
31721
31726
31739
31762
31763
31766
31804
31808
31816
31822
31827
31838
31843
31860
31902
31905
31913
31915
31918
31922
31927
31936
31939
31951
31955
31960
31971
31973
31987
31995
32004
32014
32017
32059
32069
32075
32078
32089
32097
32107
32119
32129
32142
32154
32161
32163
32166
32178
32201
32204
32218
32230
32233
32244
32255
32256
32280
32283
32293
32303
32307
32318
32320
32335
32359
32366
32367
32368
32375
32389
32396
32407
32409
32415
32428
32432
32446
32452
32454
32463
32465
32468
32490
32494
32496
32509
32524
32538
32554
32558
32573
32604
32605
32635
32647
32650
32656
32658
32673
32693
32697
32698
32714
32726
32749
32755
32771
32774
32775
32782
32791
32801
32813
32826
32830
32832
32838
32846
32858
32866
32872
32895
32900
32912
32913
32920
32935
32939
32955
32965
32975
32984
32992
32997
33008
33012
33019
33022
33033
33034
33042
33048
33093
33100
33160
33177
33178
33184
33186
33198
33199
33204
33205
33208
33213
33234
33242
33248
33251
33255
33259
33268
33270
33274
33299
33328
33333
33356
33357
33359
33367
33375
33394
33397
33410
33447
33456
33467
33481
33496
33501
33515
33518
33539
33550
33555
33569
33578
33593
33597
33598
33600
33621
33630
33645
33654
33683
33720
33726
33736
33739
33752
33755
33758
33762
33768
33769
33787
33794
33797
33809
33817
33839
33858
33863
33871
33877
33884
33894
33902
33919
33920
33933
33938
33940
33944
33950
33968
33997
33998
34007
34044
34047
34051
34078
34082
34085
34090
34101
34107
34114
34128
34149
34157
34162
34176
34185
34196
34208
34230
34242
34259
34261
34273
34274
34280
34283
34287
34301
34323
34337
34350
34376
34377
34393
34400
34412
34418
34436
34437
34446
34448
34452
34454
34459
34463
34474
34480
34485
34514
34520
34525
34531
34543
34561
34566
34567
34570
34589
34611
34614
34621
34623
34624
34627
34639
34668
34669
34673
34682
34686
34692
34712
34742
34744
34755
34762
34766
34781
34784
34794
34802
34804
34830
34840
34847
34852
34863
34874
34883
34885
34888
34908
34933
34934
34949
34974
34977
34978
35036
35041
35065
35074
35076
35103
35104
35113
35129
35132
35138
35141
35157
35160
35168
35169
35174
35194
35212
35239
35240
35257
35270
35277
35280
35282
35289
35291
35299
35306
35319
35326
35330
35342
35343
35344
35349
35351
35370
35388
35398
35433
35434
35436
35437
35491
35499
35504
35505
35509
35525
35527
35532
35539
35557
35571
35575
35576
35584
35606
35614
35629
35678
35684
35685
35699
35707
35708
35717
35737
35741
35754
35755
35757
35760
35761
35767
35793
35802
35803
35805
35817
35818
35820
35836
35845
35853
35854
35857
35860
35878
35885
35893
35894
35897
35898
35910
35916
35943
35949
35965
35976
35977
35981
36013
36046
36053
36062
36127
36129
36131
36136
36138
36149
36156
36175
36177
36190
36201
36212
36218
36223
36237
36279
36295
36297
36308
36315
36339
36350
36366
36367
36369
36388
36393
36394
36401
36405
36425
36430
36434
36439
36450
36451
36454
36466
36473
36476
36483
36498
36538
36573
36575
36589
36596
36611
36625
36630
36645
36650
36667
36668
36712
36713
36715
36754
36768
36769
36772
36777
36778
36779
36791
36812
36824
36825
36828
36829
36830
36832
36838
36842
36844
36866
36879
36880
36892
36904
36905
36911
36927
36928
36934
36944
36946
36947
36964
36981
36998
37004
37007
37025
37054
37059
37060
37068
37076
37097
37110
37125
37147
37152
37172
37174
37180
37181
37201
37209
37210
37213
37233
37234
37235
37236
37258
37284
37290
37292
37301
37319
37323
37324
37329
37351
37374
37376
37378
37386
37390
37391
37393
37421
37431
37435
37453
37462
37508
37523
37527
37580
37584
37605
37606
37611
37612
37614
37619
37625
37626
37636
37640
37646
37662
37686
37701
37710
37731
37734
37736
37744
37747
37767
37780
37784
37786
37800
37801
37810
37823
37826
37844
37870
37883
37892
37917
37927
37933
37935
37938
37940
37942
37952
37954
37956
37968
37990
37994
38026
38030
38035
38048
38050
38065
38066
38089
38103
38107
38110
38122
38127
38143
38144
38148
38167
38171
38192
38208
38231
38239
38244
38256
38275
38291
38299
38308
38316
38341
38346
38358
38376
38401
38415
38417
38449
38453
38456
38494
38522
38523
38560
38564
38575
38579
38586
38597
38610
38622
38626
38630
38643
38644
38648
38681
38688
38703
38704
38712
38719
38720
38724
38726
38728
38733
38745
38759
38767
38785
38841
38878
38881
38886
38887
38908
38909
38910
38912
38917
38919
38937
38949
38970
38975
38977
38985
38988
39000
39008
39010
39011
39035
39052
39064
39070
39088
39094
39098
39106
39109
39122
39140
39149
39150
39156
39181
39202
39205
39211
39217
39223
39245
39260
39282
39290
39323
39324
39341
39347
39351
39387
39392
39397
39403
39411
39413
39416
39425
39437
39462
39464
39478
39505
39510
39521
39541
39563
39565
39578
39590
39597
39607
39614
39620
39635
39649
39651
39654
39662
39667
39678
39685
39717
39724
39756
39759
39762
39781
39783
39798
39801
39803
39807
39812
39826
39832
39834
39842
39856
39870
39871
39877
39890
39906
39915
39945
39963
39986
39987
39989
40005
40009
40010
40013
40014
40020
40027
40034
40056
40074
40077
40078
40079
40082
40096
40098
40101
40103
40106
40127
40137
40155
40159
40171
40185
40194
40198
40200
40214
40217
40257
40268
40274
40280
40317
40335
40344
40373
40385
40398
40402
40407
40410
40447
40451
40466
40467
40474
40498
40502
40504
40520
40531
40532
40547
40553
40560
40587
40597
40627
40637
40649
40668
40682
40689
40707
40735
40736
40742
40743
40759
40779
40780
40793
40797
40800
40812
40819
40829
40838
40854
40862
40866
40887
40890
40898
40916
40924
40930
40931
40936
40940
40956
40961
40973
41001
41002
41009
41019
41023
41027
41039
41043
41048
41055
41066
41072
41076
41077
41115
41150
41160
41172
41195
41205
41208
41220
41226
41228
41248
41249
41253
41254
41275
41287
41290
41297
41308
41328
41331
41334
41335
41348
41365
41370
41383
41385
41395
41411
41425
41441
41442
41445
41472
41475
41485
41497
41499
41510
41511
41528
41540
41551
41580
41609
41644
41660
41668
41671
41686
41719
41763
41766
41768
41809
41813
41856
41859
41863
41881
41897
41899
41902
41904
41905
41913
41927
41936
41947
41952
41957
41965
41969
41971
41976
42044
42046
42047
42050
42053
42089
42092
42096
42099
42110
42131
42152
42154
42155
42160
42166
42190
42193
42202
42204
42215
42218
42219
42229
42236
42238
42249
42268
42273
42299
42309
42383
42386
42390
42403
42410
42432
42443
42452
42455
42456
42468
42484
42485
42502
42514
42528
42535
42590
42593
42603
42614
42621
42622
42637
42650
42673
42681
42724
42728
42732
42739
42746
42748
42764
42765
42771
42782
42787
42792
42803
42808
42819
42843
42851
42865
42879
42887
42895
42899
42905
42948
42959
42966
42991
42998
43005
43015
43021
43038
43057
43059
43107
43118
43126
43161
43169
43185
43201
43202
43210
43237
43243
43245
43246
43248
43259
43260
43269
43276
43279
43286
43291
43292
43298
43305
43308
43324
43325
43326
43333
43349
43352
43368
43373
43376
43378
43388
43393
43395
43412
43415
43420
43427
43432
43437
43451
43453
43472
43481
43484
43491
43500
43503
43511
43537
43546
43547
43560
43565
43582
43586
43593
43603
43608
43609
43630
43647
43650
43655
43670
43681
43715
43742
43787
43796
43797
43798
43816
43821
43824
43838
43846
43849
43859
43867
43874
43903
43916
43934
43953
43954
43962
43966
43969
43983
44006
44007
44015
44021
44029
44031
44045
44048
44054
44059
44070
44097
44106
44110
44114
44115
44156
44161
44169
44176
44182
44185
44186
44191
44207
44216
44229
44236
44241
44244
44247
44248
44279
44283
44303
44326
44330
44339
44346
44347
44362
44376
44408
44415
44418
44419
44444
44469
44473
44481
44488
44506
44515
44520
44536
44546
44579
44590
44604
44632
44643
44664
44681
44695
44697
44699
44705
44710
44713
44715
44716
44728
44753
44767
44768
44784
44792
44793
44802
44807
44810
44816
44855
44868
44870
44878
44881
44883
44905
44907
44915
44929
44941
44946
44950
44971
44973
44979
44984
44991
45011
45023
45027
45078
45087
45114
45124
45125
45135
45141
45147
45160
45161
45162
45169
45172
45191
45238
45239
45246
45247
45261
45274
45282
45288
45306
45311
45324
45327
45333
45337
45344
45347
45348
45378
45386
45390
45401
45407
45409
45418
45428
45443
45444
45451
45458
45459
45468
45476
45484
45501
45506
45508
45525
45527
45531
45539
45540
45541
45552
45557
45564
45568
45580
45582
45585
45590
45598
45612
45613
45626
45629
45639
45650
45659
45668
45678
45679
45708
45745
45747
45760
45764
45766
45774
45775
45790
45805
45811
45819
45839
45840
45863
45871
45893
45902
45907
45910
45913
45914
45918
45919
45926
45929
45931
45946
45953
45960
45971
45988
45998
46000
46020
46028
46032
46043
46092
46097
46099
46102
46119
46131
46132
46147
46165
46174
46180
46186
46189
46205
46213
46259
46269
46292
46296
46299
46300
46324
46341
46343
46349
46351
46371
46387
46399
46405
46420
46432
46454
46459
46461
46465
46468
46470
46481
46501
46572
46583
46599
46601
46603
46617
46619
46655
46656
46659
46660
46674
46688
46695
46700
46702
46716
46722
46728
46732
46750
46755
46765
46781
46792
46801
46824
46832
46839
46842
46843
46862
46887
46901
46911
46913
46947
46953
46968
46986
47006
47013
47015
47030
47052
47054
47068
47069
47085
47127
47158
47171
47172
47178
47194
47200
47209
47224
47227
47235
47247
47266
47275
47289
47313
47330
47335
47340
47346
47356
47373
47378
47381
47388
47393
47399
47414
47420
47435
47438
47455
47474
47475
47485
47492
47498
47507
47514
47515
47519
47521
47524
47538
47543
47544
47560
47564
47587
47606
47611
47613
47615
47629
47632
47639
47640
47643
47644
47658
47666
47691
47727
47761
47779
47780
47795
47813
47821
47826
47868
47874
47878
47890
47898
47900
47901
47910
47941
47944
47948
47955
47960
47964
47973
47976
47986
47998
48003
48038
48039
48042
48048
48053
48057
48071
48078
48087
48089
48093
48106
48147
48151
48175
48186
48189
48193
48194
48200
48211
48223
48242
48246
48250
48256
48265
48269
48271
48276
48298
48329
48330
48336
48344
48346
48376
48382
48383
48384
48386
48389
48415
48420
48434
48437
48440
48448
48458
48460
48475
48476
48496
48499
48507
48517
48546
48563
48576
48601
48618
48635
48637
48642
48647
48656
48662
48668
48682
48689
48693
48695
48709
48719
48720
48722
48737
48744
48758
48766
48784
48803
48804
48807
48809
48842
48854
48867
48877
48884
48905
48913
48922
48924
48926
48949
48964
48966
48978
48992
49005
49008
49020
49037
49041
49054
49055
49074
49077
49099
49112
49122
49123
49130
49137
49162
49202
49224
49232
49233
49234
49261
49269
49287
49292
49298
49315
49325
49329
49333
49336
49356
49370
49377
49394
49397
49399
49427
49431
49432
49434
49448
49458
49465
49467
49468
49475
49479
49484
49504
49505
49514
49528
49531
49540
49552
49563
49565
49569
49571
49572
49576
49580
49586
49590
49592
49594
49599
49614
49627
49631
49633
49641
49649
49677
49682
49696
49702
49709
49716
49720
49723
49738
49762
49767
49768
49772
49791
49802
49807
49819
49820
49862
49876
49877
49889
49908
49917
49920
49925
49933
49939
49946
49950
49964
49965
49966
49975
49991
49992
49996
50004
50014
50018
50034
50082
50095
50099
50106
50109
50112
50133
50134
50141
50142
50180
50185
50190
50192
50199
50203
50205
50206
50209
50220
50235
50244
50246
50248
50261
50273
50283
50300
50302
50307
50344
50346
50355
50372
50386
50422
50437
50449
50451
50453
50468
50481
50490
50495
50503
50506
50523
50539
50567
50568
50573
50578
50581
50591
50594
50596
50601
50628
50642
50645
50649
50686
50694
50714
50730
50742
50744
50751
50769
50775
50776
50787
50792
50793
50820
50831
50848
50864
50885
50889
50893
50903
50921
50940
50946
50949
50961
50975
50984
50997
51003
51017
51025
51040
51051
51074
51087
51091
51096
51098
51112
51122
51146
51149
51158
51161
51163
51164
51169
51176
51230
51233
51237
51253
51257
51279
51283
51287
51306
51310
51321
51356
51367
51369
51379
51390
51402
51410
51424
51428
51451
51465
51468
51469
51470
51472
51488
51491
51493
51497
51561
51591
51610
51616
51629
51632
51633
51640
51650
51659
51664
51713
51723
51726
51734
51737
51749
51755
51761
51773
51778
51784
51800
51812
51816
51838
51846
51853
51865
51872
51880
51885
51887
51909
51911
51921
51935
51946
51948
51960
51970
51971
51983
51993
52018
52031
52055
52095
52105
52110
52122
52124
52132
52133
52149
52168
52175
52179
52211
52217
52227
52241
52252
52267
52274
52277
52289
52295
52298
52302
52310
52326
52340
52343
52351
52352
52363
52376
52392
52395
52396
52413
52414
52436
52438
52441
52449
52455
52459
52465
52472
52475
52500
52523
52530
52541
52543
52555
52562
52565
52572
52576
52580
52582
52587
52592
52609
52651
52656
52666
52676
52678
52691
52716
52717
52732
52733
52744
52766
52767
52781
52791
52802
52803
52851
52863
52867
52888
52892
52909
52916
52917
52922
52931
52955
52959
52972
52974
52987
53001
53016
53020
53024
53029
53034
53076
53105
53112
53116
53120
53124
53125
53138
53163
53174
53182
53185
53188
53191
53199
53201
53209
53234
53245
53246
53256
53259
53263
53277
53284
53296
53330
53331
53348
53353
53391
53393
53403
53404
53406
53417
53418
53434
53473
53480
53497
53510
53524
53531
53536
53537
53538
53547
53567
53589
53591
53596
53612
53621
53639
53657
53658
53659
53678
53683
53707
53744
53745
53757
53775
53788
53791
53800
53801
53808
53824
53828
53844
53856
53864
53869
53880
53883
53893
53903
53906
53912
53934
53976
53999
54015
54030
54035
54045
54050
54055
54065
54070
54085
54091
54092
54124
54141
54142
54161
54195
54213
54226
54240
54246
54251
54254
54268
54281
54284
54286
54289
54303
54314
54325
54332
54358
54360
54386
54387
54389
54404
54419
54455
54472
54479
54487
54499
54516
54530
54551
54561
54595
54600
54603
54606
54607
54630
54654
54697
54703
54718
54719
54724
54726
54733
54739
54744
54752
54756
54758
54782
54784
54786
54789
54809
54818
54825
54840
54843
54849
54851
54857
54858
54865
54891
54901
54908
54944
54955
54967
54989
55000
55009
55046
55065
55066
55071
55086
55092
55109
55119
55124
55128
55130
55143
55145
55146
55161
55187
55203
55221
55240
55250
55251
55260
55273
55275
55290
55293
55295
55309
55338
55355
55357
55367
55369
55371
55384
55386
55389
55405
55421
55445
55459
55460
55480
55490
55494
55511
55512
55533
55534
55535
55541
55544
55554
55558
55573
55577
55592
55594
55598
55611
55620
55643
55651
55659
55667
55670
55678
55686
55694
55701
55726
55733
55760
55764
55783
55797
55808
55815
55845
55849
55871
55872
55881
55887
55888
55907
55910
55917
55926
55937
55938
55955
55980
55995
56018
56023
56027
56050
56064
56077
56083
56092
56102
56127
56141
56143
56165
56168
56189
56198
56208
56216
56221
56222
56241
56245
56258
56265
56276
56285
56298
56321
56323
56360
56370
56380
56391
56406
56422
56446
56457
56473
56490
56508
56510
56514
56518
56523
56525
56526
56531
56540
56543
56548
56557
56623
56629
56638
56645
56683
56702
56734
56742
56752
56762
56765
56772
56777
56778
56786
56792
56796
56828
56829
56845
56849
56852
56857
56868
56907
56937
56948
56952
56956
56962
56976
56987
56989
56991
56994
56998
57002
57007
57015
57016
57017
57018
57032
57038
57046
57072
57083
57087
57094
57099
57101
57113
57114
57137
57147
57154
57176
57177
57178
57189
57191
57203
57206
57209
57252
57266
57269
57273
57274
57275
57284
57298
57300
57309
57313
57319
57322
57337
57348
57365
57367
57371
57373
57387
57412
57430
57438
57440
57443
57444
57469
57470
57491
57509
57519
57525
57534
57537
57540
57542
57547
57552
57563
57564
57580
57581
57587
57598
57604
57607
57614
57621
57657
57702
57715
57745
57761
57768
57769
57772
57782
57800
57809
57812
57844
57855
57863
57870
57871
57888
57890
57892
57897
57903
57904
57906
57912
57916
57918
57935
57945
57971
57982
57990
58009
58033
58039
58044
58054
58077
58080
58097
58109
58123
58127
58149
58161
58180
58181
58183
58188
58189
58211
58227
58228
58229
58234
58238
58279
58307
58309
58313
58327
58356
58371
58390
58393
58401
58404
58407
58411
58431
58442
58458
58472
58474
58476
58483
58500
58502
58504
58517
58521
58536
58570
58573
58586
58596
58597
58598
58612
58615
58618
58632
58634
58649
58668
58669
58683
58712
58721
58728
58733
58739
58761
58769
58774
58775
58781
58785
58795
58797
58803
58805
58817
58818
58830
58844
58846
58848
58887
58888
58894
58903
58917
58921
58924
58938
58950
58951
58955
58959
59029
59036
59043
59044
59067
59071
59081
59094
59101
59105
59113
59119
59139
59142
59150
59165
59168
59173
59174
59177
59179
59188
59199
59232
59236
59237
59251
59266
59292
59304
59316
59327
59329
59330
59341
59371
59372
59396
59399
59404
59416
59417
59419
59433
59434
59462
59486
59491
59496
59500
59506
59513
59529
59567
59568
59569
59580
59581
59595
59598
59600
59610
59615
59622
59647
59653
59654
59658
59663
59677
59689
59707
59712
59734
59764
59768
59780
59820
59825
59834
59844
59853
59854
59866
59907
59910
59921
59933
59934
59950
59958
59971
59982
59993
59999
60007
60024
60051
60055
60058
60073
60086
60094
60104
60112
60119
60122
60133
60140
60192
60193
60197
60200
60202
60205
60212
60213
60234
60237
60242
60266
60279
60281
60291
60297
60299
60303
60307
60309
60314
60324
60325
60332
60355
60356
60368
60371
60388
60394
60400
60407
60408
60409
60429
60455
60462
60463
60464
60477
60484
60487
60490
60492
60493
60513
60526
60541
60550
60557
60580
60593
60634
60635
60636
60639
60642
60648
60656
60660
60672
60678
60681
60687
60703
60718
60724
60741
60742
60745
60755
60756
60770
60780
60788
60790
60805
60806
60840
60844
60849
60873
60875
60887
60888
60889
60891
60909
60920
60923
60924
60928
60934
60963
60970
60983
60993
60996
61001
61003
61005
61017
61036
61050
61059
61078
61084
61102
61111
61112
61117
61120
61123
61124
61129
61140
61144
61155
61159
61170
61179
61183
61200
61203
61211
61217
61245
61249
61252
61267
61280
61286
61315
61328
61336
61348
61358
61368
61382
61389
61403
61407
61408
61410
61441
61449
61455
61487
61496
61504
61509
61520
61528
61545
61550
61574
61575
61580
61594
61605
61626
61628
61636
61668
61672
61694
61708
61739
61752
61759
61761
61762
61770
61822
61824
61830
61841
61846
61852
61853
61858
61868
61891
61941
61944
61961
61969
61977
61997
62009
62013
62016
62017
62028
62047
62048
62067
62074
62088
62100
62101
62115
62116
62121
62123
62127
62141
62144
62145
62156
62158
62167
62168
62198
62211
62218
62223
62226
62240
62252
62260
62283
62298
62315
62344
62364
62379
62383
62397
62409
62416
62425
62433
62435
62436
62437
62461
62474
62519
62528
62529
62535
62538
62545
62565
62577
62579
62580
62584
62587
62609
62612
62616
62634
62642
62648
62653
62674
62675
62677
62684
62686
62688
62690
62695
62728
62742
62750
62763
62782
62826
62832
62839
62840
62852
62855
62873
62881
62885
62886
62888
62899
62901
62919
62937
62946
62960
62971
62990
62993
62998
63013
63022
63030
63042
63043
63072
63101
63107
63116
63119
63124
63125
63168
63185
63193
63199
63203
63209
63236
63242
63247
63251
63271
63286
63314
63315
63331
63342
63349
63354
63355
63360
63364
63380
63403
63405
63415
63420
63441
63444
63450
63460
63473
63480
63484
63491
63517
63523
63564
63568
63590
63617
63619
63625
63639
63660
63668
63681
63683
63693
63700
63708
63721
63726
63731
63748
63750
63763
63764
63772
63786
63788
63789
63794
63798
63821
63828
63847
63868
63872
63874
63892
63895
63904
63909
63910
63939
63954
63981
64024
64025
64039
64044
64058
64062
64063
64096
64100
64102
64113
64115
64134
64137
64141
64143
64145
64154
64156
64164
64170
64181
64188
64190
64191
64224
64235
64237
64248
64250
64254
64262
64264
64267
64276
64282
64291
64293
64299
64307
64325
64332
64355
64357
64358
64364
64371
64373
64377
64381
64382
64403
64414
64430
64434
64467
64469
64473
64485
64491
64505
64524
64536
64538
64553
64558
64578
64579
64591
64607
64632
64642
64643
64649
64654
64666
64682
64683
64689
64710
64714
64729
64733
64752
64766
64773
64774
64793
64807
64810
64814
64816
64826
64838
64843
64845
64865
64875
64877
64897
64911
64914
64915
64941
64952
64968
64972
64980
64984
64988
65020
65025
65026
65046
65049
65062
65086
65092
65096
65101
65105
65109
65111
65113
65118
65122
65152
65188
65191
65201
65223
65230
65232
65245
65275
65302
65324
65333
65337
65344
65345
65363
65386
65395
65425
65427
65430
65454
65478
65482
65486
65515
65519
65535
65540
65553
65554
65557
65562
65573
65580
65598
65612
65632
65650
65653
65657
65683
65725
65733
65750
65751
65771
65777
65785
65791
65798
65810
65817
65818
65829
65831
65833
65838
65849
65857
65866
65867
65877
65889
65891
65906
65910
65916
65927
65947
65953
65961
65975
65976
66001
66004
66015
66017
66045
66089
66120
66158
66170
66171
66188
66196
66201
66205
66217
66223
66247
66287
66288
66289
66290
66299
66306
66311
66312
66326
66335
66336
66347
66350
66360
66376
66379
66383
66399
66422
66431
66438
66464
66475
66495
66506
66535
66536
66541
66578
66582
66590
66592
66617
66618
66622
66624
66634
66636
66637
66643
66644
66653
66659
66664
66674
66697
66708
66711
66728
66737
66783
66800
66806
66807
66808
66825
66855
66857
66862
66865
66870
66883
66884
66888
66896
66901
66917
66937
66946
66952
66964
66965
66966
66995
66996
66998
66999
67000
67024
67028
67034
67036
67042
67050
67070
67084
67104
67110
67141
67143
67147
67150
67156
67171
67176
67183
67185
67186
67212
67221
67239
67243
67250
67270
67272
67302
67306
67308
67351
67353
67359
67360
67374
67385
67394
67409
67413
67449
67451
67455
67462
67480
67485
67486
67507
67520
67555
67556
67563
67601
67630
67631
67638
67639
67653
67660
67681
67683
67689
67692
67694
67702
67716
67728
67740
67741
67743
67749
67799
67819
67827
67830
67841
67854
67875
67876
67887
67889
67890
67893
67923
67928
67942
67944
67950
67969
67993
68005
68010
68034
68036
68037
68042
68045
68053
68058
68062
68073
68084
68085
68099
68112
68126
68193
68201
68204
68211
68223
68230
68238
68246
68249
68251
68253
68259
68263
68281
68290
68297
68331
68336
68342
68350
68358
68359
68361
68363
68381
68386
68393
68404
68412
68417
68418
68433
68445
68469
68471
68484
68490
68494
68504
68576
68579
68591
68597
68602
68611
68625
68647
68649
68652
68654
68665
68680
68685
68699
68710
68720
68743
68750
68754
68764
68781
68786
68792
68808
68815
68824
68829
68835
68848
68855
68856
68857
68874
68877
68878
68888
68903
68914
68920
68943
68951
68971
68974
68983
68986
68988
68991
68994
68996
68997
69004
69006
69026
69044
69045
69067
69070
69072
69083
69087
69096
69118
69119
69128
69129
69144
69145
69155
69170
69176
69180
69186
69188
69192
69193
69195
69198
69209
69223
69231
69232
69242
69252
69267
69280
69311
69312
69313
69319
69321
69336
69350
69353
69369
69379
69387
69440
69445
69446
69480
69490
69491
69512
69518
69533
69536
69556
69572
69574
69577
69602
69603
69623
69639
69648
69673
69693
69719
69738
69740
69752
69777
69781
69802
69812
69817
69831
69835
69839
69862
69869
69876
69898
69904
69912
69914
69916
69938
69956
69967
69998
70009
70037
70048
70050
70056
70063
70069
70078
70104
70114
70117
70130
70133
70139
70144
70171
70183
70186
70203
70206
70221
70248
70254
70264
70274
70279
70282
70306
70344
70349
70351
70352
70363
70391
70406
70416
70422
70437
70447
70449
70450
70472
70485
70492
70504
70508
70516
70522
70542
70543
70561
70563
70583
70596
70607
70625
70626
70649
70653
70658
70661
70667
70692
70712
70713
70717
70719
70725
70735
70745
70749
70750
70755
70764
70766
70768
70769
70782
70800
70814
70819
70821
70837
70841
70878
70879
70881
70888
70893
70906
70928
70931
70941
70944
70971
70989
71018
71030
71034
71037
71038
71046
71061
71065
71070
71077
71082
71091
71094
71101
71113
71114
71127
71130
71136
71145
71147
71148
71160
71189
71209
71218
71226
71231
71233
71238
71239
71240
71243
71258
71260
71292
71297
71303
71305
71309
71322
71330
71331
71343
71348
71351
71365
71366
71374
71376
71377
71401
71413
71427
71432
71475
71479
71481
71500
71509
71518
71520
71530
71550
71557
71562
71571
71572
71589
71601
71603
71609
71610
71613
71636
71673
71682
71683
71689
71698
71700
71706
71713
71714
71719
71726
71749
71772
71773
71775
71784
71788
71796
71805
71833
71840
71846
71853
71861
71880
71898
71900
71922
71937
71955
71957
71976
71986
71991
72009
72015
72022
72030
72048
72068
72094
72097
72098
72103
72127
72140
72146
72151
72153
72170
72182
72185
72192
72201
72203
72205
72261
72268
72283
72284
72286
72299
72302
72304
72310
72320
72328
72333
72336
72340
72344
72358
72360
72364
72394
72399
72406
72425
72444
72456
72462
72466
72484
72494
72509
72513
72527
72530
72536
72539
72556
72579
72593
72613
72634
72638
72643
72645
72646
72657
72664
72666
72667
72680
72684
72704
72707
72717
72730
72732
72735
72744
72756
72761
72763
72779
72797
72799
72807
72812
72816
72817
72823
72826
72839
72845
72854
72877
72884
72888
72890
72893
72907
72910
72912
72918
72926
72927
72947
72948
72951
72954
72968
72972
72978
72979
72983
72986
73004
73011
73040
73053
73069
73071
73078
73093
73101
73103
73141
73142
73147
73148
73162
73170
73176
73182
73202
73207
73212
73215
73217
73218
73226
73231
73256
73258
73271
73277
73301
73314
73322
73339
73344
73346
73352
73364
73381
73383
73387
73390
73393
73397
73401
73404
73409
73433
73441
73444
73445
73471
73492
73498
73505
73511
73537
73561
73613
73617
73639
73641
73642
73651
73655
73671
73677
73678
73688
73706
73707
73718
73727
73731
73753
73770
73776
73791
73825
73826
73838
73843
73853
73878
73890
73912
73920
73928
73944
73948
73952
73958
73960
73981
73998
74000
74017
74020
74037
74044
74045
74053
74061
74065
74081
74084
74087
74096
74108
74110
74121
74122
74130
74133
74143
74145
74186
74195
74196
74216
74232
74236
74240
74241
74246
74250
74253
74271
74292
74301
74305
74306
74316
74317
74332
74363
74364
74368
74374
74384
74401
74407
74416
74425
74427
74442
74449
74452
74461
74465
74482
74485
74513
74522
74527
74530
74536
74541
74553
74574
74580
74585
74594
74617
74619
74620
74623
74636
74637
74647
74656
74659
74660
74672
74679
74694
74707
74723
74732
74744
74750
74752
74768
74785
74786
74789
74806
74807
74820
74838
74854
74862
74875
74876
74890
74903
74906
74918
74924
74925
74941
74951
74956
74958
74971
74978
74983
75002
75014
75016
75018
75032
75038
75067
75072
75074
75083
75092
75109
75114
75118
75124
75132
75167
75168
75172
75173
75175
75189
75222
75232
75239
75260
75268
75272
75280
75281
75287
75293
75301
75309
75310
75352
75359
75368
75377
75383
75390
75396
75397
75413
75428
75447
75466
75471
75482
75484
75485
75496
75530
75540
75543
75592
75593
75615
75616
75621
75623
75645
75658
75660
75666
75668
75673
75683
75696
75711
75728
75731
75732
75738
75750
75782
75797
75832
75840
75843
75857
75858
75886
75892
75900
75910
75926
75933
75942
75959
75964
76034
76035
76050
76053
76054
76070
76073
76088
76095
76108
76112
76114
76134
76144
76186
76187
76190
76201
76216
76222
76230
76246
76247
76250
76254
76255
76259
76269
76280
76281
76296
76304
76318
76322
76325
76331
76334
76339
76341
76352
76357
76359
76362
76364
76402
76408
76410
76419
76421
76423
76426
76431
76441
76499
76509
76511
76513
76520
76523
76554
76557
76561
76579
76580
76583
76604
76639
76640
76648
76652
76668
76669
76670
76687
76699
76724
76740
76757
76770
76782
76791
76797
76802
76818
76849
76860
76864
76868
76878
76881
76885
76890
76909
76921
76941
76946
76949
76950
76953
76955
76964
76965
76966
76983
77003
77015
77016
77032
77033
77037
77044
77054
77061
77075
77084
77086
77087
77094
77101
77113
77115
77124
77129
77134
77139
77142
77146
77177
77185
77216
77218
77244
77248
77250
77266
77282
77295
77298
77303
77310
77316
77325
77359
77369
77391
77397
77399
77400
77426
77427
77429
77432
77434
77500
77501
77523
77535
77553
77555
77566
77569
77580
77606
77607
77615
77652
77663
77666
77672
77683
77689
77692
77710
77717
77739
77742
77744
77748
77762
77764
77775
77789
77798
77812
77817
77819
77843
77845
77855
77862
77866
77882
77903
77916
77925
77934
77943
77956
77963
77970
77971
77974
77985
77993
78028
78030
78042
78058
78059
78069
78070
78087
78094
78112
78113
78121
78126
78139
78179
78182
78188
78233
78264
78268
78278
78280
78284
78296
78318
78335
78343
78362
78380
78381
78383
78385
78388
78390
78407
78417
78426
78436
78438
78439
78461
78472
78484
78486
78504
78537
78544
78547
78549
78553
78560
78569
78573
78586
78604
78615
78619
78624
78631
78633
78635
78637
78638
78661
78662
78667
78675
78677
78682
78698
78706
78715
78720
78721
78724
78752
78757
78762
78772
78777
78781
78783
78798
78801
78820
78827
78836
78860
78861
78865
78869
78870
78876
78885
78891
78918
78927
78941
78963
78980
78986
78988
78992
78996
78999
79003
79017
79024
79037
79045
79049
79081
79100
79121
79136
79137
79162
79178
79181
79183
79202
79220
79223
79256
79263
79272
79280
79281
79285
79286
79290
79304
79317
79338
79354
79376
79396
79399
79401
79421
79422
79430
79433
79437
79438
79442
79448
79454
79462
79464
79469
79483
79485
79504
79532
79567
79576
79577
79613
79621
79639
79660
79673
79680
79690
79697
79702
79704
79709
79718
79723
79749
79751
79759
79761
79762
79766
79771
79779
79787
79792
79805
79820
79826
79841
79844
79851
79856
79866
79870
79880
79881
79887
79898
79902
79930
79934
79936
79942
79946
79952
79955
79960
79970
79989
80033
80038
80047
80048
80055
80063
80068
80071
80076
80086
80088
80089
80091
80117
80144
80162
80172
80180
80192
80199
80211
80224
80227
80229
80236
80243
80253
80263
80273
80274
80284
80291
80292
80298
80300
80303
80308
80315
80318
80319
80323
80324
80344
80345
80350
80352
80370
80375
80395
80406
80414
80419
80427
80428
80434
80448
80465
80472
80475
80477
80481
80500
80503
80507
80510
80514
80521
80530
80544
80549
80555
80558
80572
80589
80630
80634
80642
80653
80660
80661
80678
80706
80723
80739
80741
80744
80769
80784
80798
80800
80802
80806
80855
80860
80873
80875
80889
80891
80896
80909
80912
80917
80926
80932
80934
80939
80944
80945
80954
80973
81012
81042
81051
81060
81062
81066
81071
81087
81096
81109
81116
81117
81119
81127
81136
81140
81144
81157
81161
81168
81182
81189
81200
81208
81210
81225
81226
81235
81240
81271
81272
81302
81306
81307
81309
81317
81318
81319
81320
81337
81350
81361
81369
81371
81377
81417
81424
81442
81458
81461
81472
81477
81478
81480
81515
81524
81538
81540
81555
81564
81567
81585
81587
81589
81604
81619
81620
81628
81637
81663
81673
81677
81687
81700
81722
81749
81755
81767
81779
81801
81823
81827
81848
81851
81852
81868
81875
81892
81898
81912
81918
81922
81924
81936
81946
81950
81992
82008
82010
82012
82026
82033
82037
82038
82054
82069
82079
82082
82087
82118
82129
82145
82149
82152
82156
82158
82174
82183
82201
82206
82221
82231
82244
82247
82253
82258
82293
82342
82349
82367
82377
82379
82393
82396
82427
82438
82441
82446
82462
82465
82474
82475
82496
82510
82516
82533
82547
82549
82550
82557
82561
82570
82591
82600
82610
82618
82632
82647
82651
82663
82664
82666
82696
82705
82729
82730
82739
82747
82759
82780
82827
82828
82833
82844
82845
82866
82868
82892
82911
82928
82929
82934
82943
82951
82953
82971
82975
82984
82993
82998
83017
83020
83021
83023
83056
83057
83060
83084
83114
83129
83135
83189
83193
83207
83208
83244
83252
83262
83275
83279
83293
83299
83317
83322
83339
83345
83350
83384
83392
83403
83409
83411
83421
83433
83443
83450
83457
83466
83471
83482
83511
83513
83532
83544
83559
83569
83586
83591
83603
83611
83628
83629
83632
83663
83664
83666
83679
83683
83694
83702
83713
83717
83725
83738
83751
83766
83767
83779
83782
83784
83785
83801
83805
83814
83815
83829
83838
83845
83847
83859
83861
83865
83871
83874
83897
83900
83909
83922
83936
83938
83947
83967
83968
83972
83974
83978
83997
84018
84019
84025
84048
84054
84057
84064
84068
84079
84088
84093
84106
84120
84128
84129
84142
84144
84159
84167
84182
84189
84190
84204
84205
84209
84213
84242
84244
84246
84253
84261
84273
84286
84298
84301
84305
84308
84325
84328
84333
84336
84339
84359
84364
84365
84370
84407
84421
84427
84445
84468
84495
84509
84511
84523
84525
84544
84545
84547
84548
84568
84582
84600
84602
84604
84615
84625
84630
84635
84650
84654
84666
84671
84680
84691
84709
84721
84724
84727
84730
84766
84788
84796
84813
84826
84846
84862
84870
84929
84959
84968
84970
84973
84989
85010
85016
85034
85040
85041
85047
85051
85077
85100
85106
85126
85127
85129
85136
85143
85155
85171
85172
85178
85182
85187
85193
85199
85200
85208
85219
85224
85227
85233
85247
85255
85258
85264
85304
85307
85311
85329
85331
85363
85364
85365
85374
85376
85386
85394
85429
85435
85452
85458
85459
85463
85483
85488
85490
85494
85508
85515
85534
85567
85580
85582
85600
85601
85610
85623
85628
85637
85645
85647
85655
85659
85660
85665
85670
85694
85696
85701
85704
85705
85712
85720
85723
85733
85748
85756
85771
85772
85776
85782
85789
85794
85817
85821
85832
85853
85857
85859
85873
85888
85896
85897
85906
85917
85919
85953
85954
85955
85970
85974
85979
85986
85990
85995
85999
86026
86027
86033
86034
86037
86060
86070
86093
86101
86102
86110
86115
86117
86120
86139
86140
86164
86169
86227
86244
86263
86276
86277
86285
86286
86301
86303
86305
86316
86319
86327
86350
86377
86380
86394
86401
86429
86432
86448
86487
86500
86511
86522
86525
86526
86558
86566
86567
86582
86587
86594
86597
86630
86634
86683
86696
86706
86707
86715
86734
86740
86745
86746
86752
86755
86767
86780
86788
86803
86820
86838
86859
86861
86869
86886
86895
86897
86913
86926
86930
86943
86950
86961
86964
86974
86975
86979
86990
87002
87006
87009
87013
87021
87035
87049
87064
87073
87075
87081
87088
87131
87134
87139
87143
87146
87166
87172
87186
87218
87220
87225
87239
87246
87271
87281
87293
87296
87345
87378
87380
87381
87410
87411
87415
87440
87445
87457
87489
87506
87516
87518
87552
87562
87571
87588
87591
87614
87622
87624
87634
87637
87661
87675
87681
87686
87690
87698
87705
87710
87716
87719
87739
87742
87745
87748
87763
87767
87818
87826
87845
87848
87854
87893
87910
87911
87916
87933
87935
87940
87958
87967
87968
87981
87988
87995
88010
88013
88016
88023
88035
88046
88061
88069
88073
88094
88098
88105
88106
88111
88157
88176
88188
88208
88210
88215
88219
88225
88228
88230
88233
88256
88262
88269
88274
88283
88292
88299
88311
88318
88369
88375
88382
88385
88389
88390
88413
88424
88438
88497
88498
88501
88510
88511
88512
88516
88523
88583
88599
88608
88612
88616
88629
88655
88677
88684
88686
88694
88698
88733
88736
88744
88746
88753
88759
88785
88787
88795
88802
88807
88813
88819
88828
88850
88859
88863
88871
88873
88879
88899
88914
88918
88919
88930
88934
88935
88940
88951
88952
88954
88955
88981
88986
88987
88994
89003
89010
89012
89016
89018
89027
89051
89056
89076
89103
89110
89126
89172
89237
89244
89273
89296
89308
89311
89322
89326
89327
89349
89352
89355
89359
89372
89395
89410
89445
89448
89460
89477
89485
89492
89517
89524
89529
89538
89542
89543
89555
89563
89568
89571
89575
89602
89639
89678
89697
89705
89708
89717
89725
89739
89743
89749
89760
89763
89766
89772
89773
89774
89789
89791
89796
89798
89800
89809
89815
89835
89837
89838
89844
89846
89854
89862
89865
89871
89885
89886
89889
89902
89916
89921
89932
89934
89936
89939
89983
90001
90006
90010
90013
90019
90023
90032
90048
90052
90060
90086
90116
90125
90142
90146
90150
90163
90166
90177
90185
90203
90215
90218
90219
90230
90234
90240
90241
90246
90249
90254
90268
90271
90275
90284
90287
90308
90314
90321
90322
90340
90352
90354
90366
90371
90384
90389
90390
90403
90419
90422
90442
90470
90476
90489
90492
90494
90504
90505
90507
90513
90515
90517
90538
90543
90582
90583
90586
90588
90601
90602
90606
90607
90609
90613
90637
90638
90653
90656
90664
90669
90674
90680
90689
90693
90698
90701
90708
90709
90717
90727
90736
90742
90777
90800
90802
90811
90825
90836
90845
90862
90865
90873
90874
90875
90876
90903
90925
90939
90965
90992
90999
91013
91025
91031
91037
91047
91067
91069
91079
91086
91098
91100
91103
91106
91109
91112
91119
91123
91138
91146
91149
91167
91168
91177
91189
91197
91219
91244
91253
91257
91262
91283
91289
91296
91301
91310
91311
91318
91324
91332
91333
91339
91349
91350
91351
91364
91408
91413
91427
91486
91501
91502
91508
91521
91527
91536
91538
91546
91568
91570
91579
91582
91586
91602
91603
91614
91629
91645
91655
91660
91670
91673
91683
91692
91711
91727
91732
91736
91737
91740
91747
91748
91768
91769
91776
91787
91793
91794
91797
91809
91817
91820
91822
91848
91882
91891
91894
91902
91905
91907
91910
91935
91959
91980
91981
91987
91994
92001
92008
92017
92026
92060
92062
92067
92069
92081
92086
92092
92100
92108
92119
92136
92148
92159
92169
92180
92191
92192
92198
92208
92214
92218
92220
92237
92245
92248
92261
92262
92278
92288
92292
92301
92303
92304
92316
92337
92346
92354
92363
92381
92386
92398
92400
92401
92411
92419
92423
92430
92434
92435
92439
92451
92454
92456
92463
92465
92480
92484
92499
92515
92526
92552
92561
92562
92563
92564
92574
92590
92595
92607
92616
92637
92644
92649
92654
92659
92661
92673
92675
92680
92682
92694
92696
92704
92705
92715
92716
92719
92729
92730
92737
92740
92743
92748
92759
92790
92792
92830
92834
92837
92841
92843
92846
92869
92871
92875
92891
92930
92940
92946
92948
92950
92967
92970
92972
92980
92983
92996
93001
93041
93045
93052
93057
93061
93063
93066
93080
93082
93086
93099
93102
93104
93111
93117
93123
93137
93153
93165
93173
93178
93188
93214
93218
93222
93254
93277
93285
93287
93300
93326
93352
93356
93362
93385
93387
93397
93398
93402
93418
93425
93446
93463
93470
93486
93495
93501
93503
93516
93525
93529
93531
93535
93539
93546
93552
93560
93561
93569
93570
93578
93581
93613
93617
93638
93657
93663
93667
93668
93716
93719
93723
93737
93739
93745
93750
93765
93766
93772
93780
93794
93802
93811
93817
93821
93824
93828
93829
93831
93838
93850
93869
93878
93883
93897
93908
93912
93915
93925
93930
93936
93955
93969
93971
93974
94029
94035
94036
94042
94065
94070
94098
94110
94123
94141
94146
94159
94166
94174
94184
94187
94195
94199
94216
94219
94220
94223
94232
94235
94248
94262
94279
94284
94287
94291
94296
94302
94303
94304
94314
94318
94320
94324
94332
94339
94343
94359
94367
94374
94382
94390
94393
94394
94399
94401
94404
94411
94415
94416
94432
94433
94437
94444
94447
94452
94454
94455
94456
94464
94470
94475
94476
94491
94510
94529
94531
94542
94553
94554
94561
94562
94581
94585
94586
94604
94607
94618
94639
94647
94655
94659
94712
94717
94723
94729
94732
94737
94747
94756
94763
94770
94773
94782
94786
94788
94789
94820
94835
94836
94839
94842
94860
94890
94902
94935
94946
94956
94971
94973
95005
95010
95022
95065
95106
95108
95138
95170
95175
95181
95185
95188
95193
95195
95199
95209
95213
95216
95217
95221
95234
95239
95257
95261
95262
95279
95286
95302
95322
95336
95337
95346
95365
95370
95371
95372
95373
95391
95403
95406
95410
95439
95442
95454
95465
95490
95496
95498
95501
95503
95508
95510
95527
95529
95543
95546
95556
95557
95560
95562
95566
95573
95593
95594
95631
95654
95657
95669
95675
95690
95695
95711
95722
95724
95725
95729
95741
95742
95770
95776
95784
95854
95862
95867
95872
95907
95914
95920
95933
95949
95965
95983
95987
95993
96009
96024
96047
96049
96062
96079
96083
96096
96102
96104
96110
96111
96113
96116
96130
96147
96150
96153
96176
96203
96218
96220
96231
96234
96251
96255
96274
96276
96291
96309
96315
96318
96340
96342
96347
96348
96352
96360
96363
96368
96370
96373
96383
96386
96393
96395
96407
96413
96419
96424
96437
96438
96447
96448
96477
96485
96527
96542
96544
96570
96571
96573
96574
96582
96586
96587
96590
96599
96604
96623
96630
96632
96635
96641
96658
96660
96676
96693
96699
96717
96718
96729
96733
96746
96751
96756
96758
96762
96765
96779
96791
96800
96825
96842
96850
96856
96861
96864
96879
96914
96918
96923
96929
96941
96943
96945
96963
96967
96978
96985
96987
96991
97006
97007
97011
97019
97024
97028
97061
97088
97093
97101
97108
97112
97135
97138
97140
97147
97154
97165
97204
97229
97234
97239
97242
97262
97267
97277
97290
97291
97295
97299
97300
97306
97314
97320
97325
97347
97362
97370
97407
97419
97423
97437
97441
97445
97458
97469
97472
97500
97505
97517
97527
97529
97534
97539
97543
97550
97555
97563
97570
97580
97594
97601
97657
97661
97662
97679
97683
97689
97695
97708
97716
97747
97763
97770
97771
97774
97785
97790
97796
97812
97825
97872
97875
97880
97885
97902
97909
97929
97932
97946
97956
97971
97977
97992
98000
98008
98009
98026
98032
98045
98046
98067
98105
98109
98116
98120
98122
98131
98142
98153
98174
98180
98199
98216
98222
98234
98241
98251
98257
98259
98272
98280
98305
98320
98325
98350
98358
98359
98360
98367
98376
98402
98404
98412
98420
98422
98458
98470
98472
98487
98523
98532
98551
98555
98562
98579
98580
98590
98604
98610
98624
98637
98644
98666
98713
98734
98742
98744
98745
98746
98752
98753
98755
98761
98764
98770
98780
98798
98828
98836
98841
98842
98847
98850
98860
98872
98885
98887
98898
98905
98919
98923
98925
98939
98955
98979
98983
98986
98998
99014
99023
99025
99029
99045
99056
99057
99076
99082
99083
99094
99118
99129
99137
99155
99163
99166
99170
99175
99176
99184
99187
99190
99207
99216
99254
99267
99280
99310
99336
99339
99366
99368
99376
99379
99383
99400
99402
99404
99426
99438
99454
99459
99463
99471
99495
99509
99512
99530
99534
99536
99548
99557
99573
99580
99585
99592
99620
99623
99630
99647
99656
99672
99678
99683
99688
99706
99719
99720
99725
99737
99746
99763
99766
99768
99777
99780
99789
99793
99798
99818
99821
99823
99829
99840
99847
99849
99862
99870
99879
99880
99889
99893
99898
99906
99926
99943
99953
99955
99971
99976
