86707 87498
53391 54163
24907 24985
99471 99598
93486 94400
11411 11457
1305 2219
82379 82847
60332 60512
38299 38549
8607 8622
34874 35208
84730 84953
7351 8254
27097 27960
18006 18074
49571 49657
29472 30355
88299 88314
50355 51210
61770 61993
55240 55472
44110 44866
27493 28263
74637 74874
93352 93514
23563 23795
4325 4507
64579 64607
83114 83468
55275 55320
52227 53012
18669 19532
94374 94611
53182 53535
44855 44924
99014 99621
61858 62634
15324 15547
6355 7162
69321 69366
4351 5123
3708 4486
30476 30647
98241 98708
90371 90429
78343 79132
54387 54911
92237 93078
45650 46338
99280 100130
17641 18013
54499 55161
59653 60201
53658 54436
11927 12176
76950 77898
2440 2690
14037 14892
20685 20713
20729 21083
24398 25301
22792 22853
32813 33247
33769 34496
78472 78533
37391 37615
6587 7365
75301 75387
43378 43565
12085 12173
56018 56794
36830 36957
89477 90332
46781 47459
49876 50654
84167 84190
77429 78292
50775 51553
39563 40030
8639 8889
72068 72073
34977 35444
69869 70235
4525 4564
30517 31065
50203 50959
71749 71919
46119 46299
95722 96234
55592 55607
2202 2972
86027 86894
56976 57330
43260 43716
7426 7675
96407 96438
39826 40035
72094 72550
40553 41494
21016 21240
29061 29837
71018 71352
69350 69599
24323 25088
21123 21862
83815 84729
84182 84251
4654 5521
96590 96648
67462 67523
27953 28135
7170 7501
39260 39408
10581 11155
79820 80734
16473 17001
40077 40605
60970 61544
6790 7478
87591 87951
18786 18970
10985 11846
76583 77470
87186 87714
40159 40636
15498 15932
59341 59775
66541 66578
52465 52649
84025 84573
51800 52374
51112 51359
23301 24204
18829 18874
32368 32920
83403 84107
89555 89643
54419 54668
69311 69520
88299 88630
19152 19157
63625 63978
17177 17182
43279 44193
35291 36082
63750 63973
16651 16690
13751 14107
87489 87494
1077 1806
93285 93833
91324 91677
43038 43795
81168 81540
46583 47155
11049 11990
15978 16839
95170 95256
80875 81002
30448 30804
49448 49671
73401 73872
29409 29437
34149 34331
71061 71517
87035 87259
50437 51244
62116 62843
88390 89277
84625 85177
89789 89976
97594 98535
56762 57291
33177 33984
14179 14918
70416 70421
23520 24309
65562 65710
5905 6755
68238 69099
60400 60760
67889 68628
75750 75983
55145 55995
25419 26367
9298 10212
14925 15701
18532 19261
84025 84577
54865 55332
33367 34132
62839 63368
47691 48605
34047 34950
31083 31171
57038 57218
3832 4360
30476 30760
72666 73423
36218 36896
5852 5867
88850 88942
6525 7037
99471 100312
84407 85310
79887 80119
9482 9953
87748 87753
47779 48256
89939 90730
50893 51117
59266 60005
36981 36986
72884 73643
9603 9661
71330 71399
3514 4375
7636 8092
2353 2882
45114 45206
66711 67652
93802 94258
3027 3601
81875 82716
25956 26034
34418 34487
4753 5034
60790 61597
58830 59602
98009 98171
29216 29973
32992 33119
90656 91123
95213 95521
3708 3745
7363 7728
4223 4460
37968 38542
5486 5564
73258 73286
28903 28961
46000 46791
63354 63714
36388 36936
46659 47293
80530 81337
48175 48687
77569 78341
36944 37751
73981 74509
22537 22595
6995 7773
80555 80927
47455 47692
86696 87163
80926 81867
10187 10926
12907 13698
43305 44197
40779 41568
25862 26436
63619 64376
51468 51655
44248 45131
84025 84205
63683 63714
247 572
10820 11454
92245 93137
82174 82189
99184 99245
74053 74967
97661 98021
59292 59844
96386 97175
7781 7965
98251 98411
32726 33203
4864 5113
48758 49007
1867 2116
51491 51560
26254 26688
93222 93384
25764 25891
48042 48990
88677 89436
7047 7559
41497 42269
28785 29541
65889 66593
25316 26094
39945 40401
61036 61408
3221 3689
62901 62970
62609 63492
13922 14256
22776 23515
11251 12114
85171 86054
62223 62311
82446 82534
55295 56198
87767 88092
92401 92735
82664 82812
19305 20166
27977 28154
5970 6324
30116 30278
30969 31856
70282 70351
62048 62911
46986 47560
33762 33840
27585 27712
54314 54791
47900 48627
96424 97287
61941 62002
61 66
23410 23633
49458 49823
4414 5102
81168 81236
95454 95966
90708 90868
17566 17813
11790 12014
83909 84156
3728 4012
62648 62808
25528 25812
62648 62663
3395 4073
48415 49200
43059 43900
56514 56575
12807 13044
90862 91634
32307 32914
59844 60616
21209 21267
7129 7256
28587 28618
76639 77526
24832 24980
43185 43271
18135 19076
50451 51229
96150 96812
46700 47614
84671 84757
30932 31636
61672 61677
50302 50980
33752 34219
3775 4678
7929 8111
37172 37177
77426 77954
49592 50475
24738 24908
64642 64730
20393 20642
72732 73208
76250 77006
46259 47120
73853 74024
9010 9219
63331 64087
20347 20571
4325 5180
98798 99537
46465 46932
73433 73962
92434 92958
88733 89204
53801 54566
66855 67384
2392 2748
81371 81736
93057 93864
64968 65542
93418 94096
12911 13650
36768 37245
29924 30296
31816 32703
61941 62409
49569 49731
5466 5819
2073 2934
80661 80749
89678 89986
83968 84916
40013 40140
89051 89821
99339 100066
80180 80404
62750 63384
90583 90955
66855 67620
95527 95619
62461 62522
23849 23917
7726 8667
97929 98161
89355 89539
86227 86305
85789 86681
39122 39593
77956 78508
34804 35752
29828 30060
72763 72945
55066 55831
97992 98768
88510 89413
55250 55287
60409 61016
60492 60619
85429 86284
37068 37107
31573 31881
54726 55430
40931 41262
32154 33017
21264 22055
88292 89153
49889 50261
6760 7120
27924 28161
16875 17758
35132 35294
14739 15427
93418 94147
88208 88896
91100 91870
49576 49747
9188 10051
51451 51700
44915 44960
64838 65383
68053 68139
2699 2881
94747 95055
6995 7032
53163 53444
79017 79078
4490 5262
24319 24684
10286 11071
94655 95021
32368 32824
65683 66490
60202 60776
36828 37296
23530 24300
27320 28111
11969 12739
93218 93526
73101 73956
94220 94748
48682 48862
28580 29447
16794 16976
32201 32561
88215 88385
64952 65161
29361 30275
34623 35147
77742 77991
94655 94832
65395 65829
94890 95773
5702 5741
95217 95548
72009 72258
7053 7121
37731 38470
39678 40226
89410 90302
76357 76403
40829 41300
49448 50207
2389 3292
50567 51459
78762 79043
67601 67669
78706 79556
17074 17881
93222 94109
84190 84498
55938 56016
55815 55997
32089 32273
40819 41364
92119 92647
40171 40319
91905 92683
81637 82149
13425 13781
59950 59995
4223 4751
82547 83488
82496 82511
38066 38081
78537 79294
74145 74902
29292 29380
25807 26536
73791 74641
57519 57611
58921 59281
74723 75615
23575 24353
86990 87873
27059 27431
91351 92201
4720 5004
93739 94195
21029 21266
77535 77572
97774 98230
52340 52888
89800 89970
13266 14214
52175 52749
11049 11403
372 604
30996 31544
87146 87294
27325 28097
62223 62771
29839 30615
30151 30174
24172 24806
23347 23393
5904 6188
67308 67339
23874 24022
7922 7967
62919 63867
64134 64343
75910 76422
43126 43349
7106 7713
21664 22519
50283 51040
57348 57679
39403 40010
24061 24573
72890 73745
63415 63454
8608 8933
47615 48476
85647 85834
48924 49453
69353 70131
32389 33118
57367 58315
2215 2307
33593 33773
46716 46784
91910 92270
29859 29945
72823 72891
25074 25311
33375 33443
87146 87885
39403 40107
70206 70935
77086 77318
90606 91384
58769 59610
30500 31045
850 887
82008 82316
44248 44306
85264 85269
19596 19952
88262 89053
13161 13253
67969 68140
51233 52003
72182 72516
10495 10675
80419 81026
84159 84512
63954 64203
25547 26488
29319 30182
33199 33376
27967 28756
73217 73741
34376 35259
80211 80682
95560 96248
29771 30578
15614 16506
62144 62500
30951 31418
23098 23672
54289 54381
30517 30603
77016 77341
45918 46866
52124 52216
43292 44240
42044 42820
50889 51357
40819 41253
40398 41189
64649 64831
49399 49707
97679 97725
44728 45569
44728 45162
76523 76773
53658 53750
1044 1081
98734 99308
23421 24109
8789 9038
16970 17604
45918 46785
20042 20367
3754 3925
26967 27004
68034 68257
66311 66779
62688 62836
68808 69057
52791 52814
51659 51868
35708 36591
15360 15837
1926 1954
37954 37982
22429 22666
34888 35460
59316 59681
97419 97943
14894 15670
39205 39661
49232 49586
17247 17479
74574 75146
56994 57366
77775 77790
31971 32302
51257 51489
32830 33001
59188 59665
14961 15731
42899 43688
29979 30755
85857 86210
14358 15062
77862 78496
46465 46993
44186 44217
33034 33763
11389 11742
5525 5586
56189 56349
9140 9692
28684 28752
41881 41973
24634 24680
74368 74577
24071 24258
10987 11691
68997 69351
18924 19401
434 582
76740 76949
29816 30065
29009 29097
57147 57925
55494 56233
66917 67706
64237 64713
85853 86225
13343 14204
19097 19952
39963 39968
35437 36193
20524 20585
41660 42184
45747 46451
29893 30649
77956 78321
65113 65290
78318 78333
86139 86217
88061 88739
62684 63256
61179 61544
1497 1805
40819 41172
52122 52406
71713 72401
98199 98903
5922 6104
37462 37499
89543 89629
27999 28528
67308 68035
27704 27941
1210 1687
20617 20948
95983 96044
80048 80682
37376 37950
45585 46041
10939 11696
74574 74662
53188 54129
27938 28510
72826 73740
76035 76938
82379 83327
90203 90365
58921 59445
96850 97222
53246 53406
87006 87530
33367 34132
32872 32903
19484 19951
54161 54952
57016 57388
73147 73500
66223 66432
53869 54102
36829 36852
47821 48735
10061 10590
91645 91825
52582 52753
67660 68188
24555 24739
75038 75645
87271 87596
89359 90088
36715 36924
68680 68860
14104 14435
45141 45803
77139 77994
52267 53128
45863 46633
57275 57343
85429 85662
40447 40812
95454 96321
82054 82510
21819 22042
66783 67015
96967 97191
75072 75322
74145 74476
70279 70284
54865 55146
84604 84854
82244 83085
47015 47192
28228 28740
356 1239
20340 20409
53020 53392
79942 80129
82377 82559
55544 56316
89538 89553
2614 2741
91732 91981
70050 70526
27585 28472
88523 88854
61407 61732
3203 3234
49807 50414
54389 54394
22118 22472
53331 53802
2101 2129
37883 37888
96062 96418
39510 39687
52179 52224
14970 15203
86767 87670
46461 47246
24648 24830
89352 89881
92841 93195
51971 52727
61574 61666
20229 21121
20194 20768
48246 49003
64403 65192
20440 20793
63119 63667
74672 74695
43015 43197
23052 23828
71609 71818
88608 88973
92644 93112
99137 99182
68381 68459
38610 38819
77971 78698
39590 39777
48420 48459
37844 37890
40531 41445
16556 17260
48689 49576
87146 87670
24071 24856
84333 84570
31955 31960
39416 39928
70661 71365
82008 82179
61155 61378
96941 97575
82158 82846
95373 96276
48804 49013
93821 93867
93123 93138
19521 20199
15333 15698
26007 26555
94070 94115
28892 29648
57990 58461
12106 12973
92616 93304
47373 48276
67563 67609
94973 95329
69232 69760
48346 48858
3770 4718
22996 23156
8295 8373
25784 25799
45246 45950
90669 90893
70768 71507
552 1419
45747 45979
42046 42513
81722 82030
65232 65271
3393 3965
54268 54477
98359 99124
1567 2119
29525 30053
81417 82208
82145 82237
12798 12982
15813 16716
12974 13158
34624 35148
3018 3790
3890 3913
68469 69245
58411 58767
19749 20057
19542 20009
87049 87333
27674 27883
98836 99643
44469 45041
21610 21678
42621 42955
69379 69751
74918 75271
11600 12407
3247 4012
24323 24510
69862 69940
96630 96984
72666 72848
86788 87255
33555 34327
77666 77950
5075 5604
18599 18781
79970 80048
94284 94592
64181 64938
27012 27690
34669 35441
41957 42849
96660 97552
62121 62213
56064 56540
58229 58999
94146 94480
11389 11426
40736 41044
72302 73029
78721 78782
83207 83244
38299 38549
46911 46979
16838 16965
69938 70708
62852 63308
89477 90233
3673 4540
91809 92285
41971 42158
9264 9310
73314 74041
12960 13131
86511 86572
81755 81760
14390 15146
66326 66850
27827 27989
89705 90176
62158 62626
67631 67939
63030 63880
12679 12929
38622 38846
77764 78625
8778 9563
22849 22997
63939 64666
14275 14559
72918 73683
38733 38881
96985 97046
36295 37187
41226 41755
55203 56053
45191 45920
34852 34889
62028 62580
25983 26206
55260 55328
56526 57282
79749 80540
10948 11862
1995 2786
23199 24006
70893 71622
33998 34021
36911 37003
68914 69459
42044 42803
30087 30269
15803 15930
9343 9810
16322 16390
23586 23625
16189 17130
34639 35424
64145 64213
62538 63452
40027 40975
21077 21408
32368 33157
46732 46769
56321 56413
21307 21556
95185 95394
71303 71540
93955 94023
44753 45084
29881 30215
6318 6683
24898 25443
2392 2574
47054 47917
91013 91489
78139 78316
15621 16299
22857 23106
37968 38402
49528 50267
7299 7770
39088 39722
62579 63368
65849 66073
40940 41100
